300100055
300100183
300100280
300100303
300100482
300100502
300100528
300100672
300100681
300101019
300101046
300101072
300101230
300101405
300101611
300101634
300101641
300101664
300101705
300101771
300101799
300101838
300102102
300102113
300102167
300102196
300102453
300102505
300102592
300102745
300102799
300103103
300103134
300103145
300103151
300103802
300103902
300103965
300104092
300104290
300104329
300104447
300104467
300104481
300104602
300104643
300104689
300104777
300104800
300104988
300105013
300105107
300105124
300105141
300105179
300105291
300105348
300105480
300105550
300105714
300105754
300106019
300106088
300106268
300106327
300106575
300106585
300106683
300106791
300107062
300107089
300107237
300107407
300107446
300107587
300107683
300107688
300107697
300107704
300107767
300107927
300108036
300108115
300108248
300108269
300108596
300108639
300108654
300108793
300108815
300109304
300109309
300109652
300109738
300109771
300110106
300110151
300110298
300110530
300110834
300110841
300110886
300111041
300111105
300111149
300111402
300111418
300111488
300111521
300111530
300111554
300111562
300111588
300111616
300111632
300111714
300111719
300111732
300111856
300111891
300111903
300112086
300112151
300112209
300112218
300112297
300112382
300112425
300112429
300112483
300112546
300112667
300112806
300112838
300113034
300113123
300113151
300113459
300113471
300113483
300113760
300113823
300113842
300113871
300113939
300113963
300113980
300114018
300114205
300114216
300114304
300114482
300114531
300114565
300114631
300114713
300114999
300115234
300115244
300115460
300115639
300115652
300115684
300115709
300115785
300115801
300116078
300116149
300116193
300116197
300116269
300116285
300116290
300116362
300116403
300116440
300116594
300116684
300116702
300116737
300116929
300117066
300117263
300117320
300117404
300117455
300117517
300117588
300117628
300117794
300117833
300118053
300118074
300118276
300118278
300118378
300118396
300118482
300118586
300119111
300119130
300119227
300119232
300119252
300119450
300119515
300119570
300119625
300119807
300119825
300119836
300119928
300120159
300120190
300120292
300120314
300120837
300120887
300120929
300120935
300121078
300121106
300121153
300121310
300121426
300121434
300121536
300121584
300121798
300121887
300122073
300122086
300122105
300122117
300122199
300122215
300122266
300122639
300122716
300122734
300122933
300122998
300123171
300123304
300123430
300123530
300123628
300123783
300123892
300123981
300124344
300124388
300124389
300124447
300124482
300124555
300124623
300124738
300124803
300124947
300124952
300124958
300125442
300125641
300125743
300125751
300125776
300125794
300126041
300126109
300126123
300126284
300126324
300126343
300126363
300126388
300126475
300126511
300126622
300126634
300126661
300126687
300126739
300126875
300126946
300127045
300127261
300127340
300127901
300128221
300128286
300128325
300128483
300128527
300128739
300128823
300128827
300129039
300129163
300129180
300129226
300129324
300129481
300129670
300129678
300129691
300129792
300129818
300129973
300129974
300130022
300130121
300130125
300130208
300130256
300130651
300130804
300131151
300131199
300131286
300131367
300131516
300131625
300131663
300131915
300132028
300132214
300132267
300132373
300132415
300132571
300132631
300132636
300132698
300132741
300132869
300132923
300132936
300132963
300133079
300133218
300133276
300133359
300133554
300133760
300133868
300133943
300133996
300134046
300134241
300134321
300134325
300134393
300134475
300134503
300134517
300134579
300134821
300135022
300135047
300135142
300135191
300135300
300135386
300135476
300135550
300135787
300135905
300136038
300136133
300136210
300136385
300136490
300136515
300136733
300136746
300136755
300136844
300137079
300137198
300137203
300137447
300137555
300137572
300137689
300137764
300137821
300138234
300138301
300138553
300138572
300138666
300138929
300139020
300139029
300139107
300139109
300139294
300139312
300139447
300139651
300139707
300139744
300139750
300139799
300139870
300139964
300140031
300140141
300140572
300140726
300140757
300140810
300140890
300141196
300141286
300141527
300141536
300141779
300141840
300141950
300142062
300142211
300142213
300142252
300142351
300142403
300142513
300142775
300142838
300142843
300142857
300142961
300142975
300143422
300143588
300143614
300143624
300143785
300143891
300144001
300144021
300144094
300144123
300144358
300144417
300144504
300144799
300144997
300145021
300145061
300145075
300145096
300145210
300145246
300145342
300145365
300145393
300145442
300145580
300145602
300145606
300145643
300145693
300146010
300146084
300146094
300146334
300146504
300146520
300146536
300146847
300146856
300146978
300147034
300147079
300147109
300147238
300147277
300147351
300147441
300147481
300148113
300148199
300148208
300148321
300148334
300148499
300148553
300148617
300148833
300148856
300148886
300148903
300148911
300149101
300149115
300149265
300149460
300149625
300149881
300149998
300150185
300150422
300150658
300150735
300150751
300150815
300150832
300150839
300150977
300151054
300151159
300151185
300151354
300151450
300151502
300151602
300151789
300151858
300151937
300151964
300151974
300152008
300152040
300152084
300152352
300152511
300152571
300152603
300152777
300152813
300152834
300153029
300153073
300153165
300153503
300153617
300153757
300153758
300153803
300153860
300153879
300153921
300154015
300154041
300154163
300154285
300154409
300154411
300154488
300154578
300154642
300154725
300154749
300155055
300155073
300155258
300155387
300155540
300155575
300155706
300156017
300156111
300156222
300156411
300156414
300156459
300156577
300156598
300156616
300156650
300156678
300156792
300156998
300157009
300157054
300157078
300157133
300157175
300157228
300157242
300157252
300157253
300157382
300157431
300157452
300157477
300157635
300157752
300158074
300158220
300158299
300158585
300158640
300158649
300158778
300158819
300158885
300158894
300158957
300158983
300159036
300159123
300159190
300159212
300159246
300159562
300159600
300159667
300159689
300159764
300159782
300159924
300159968
300160048
300160056
300160182
300160352
300160462
300160529
300160692
300160729
300160765
300160905
300160910
300161109
300161137
300161200
300161271
300161296
300161412
300161675
300161816
300161872
300161935
300161949
300161956
300161957
300162105
300162198
300162290
300162325
300162352
300162381
300162666
300162753
300162775
300162801
300162815
300162818
300162850
300162941
300163059
300163112
300163240
300163309
300163406
300163702
300164045
300164395
300164646
300164786
300164853
300164959
300165144
300165148
300165188
300165313
300165365
300165469
300165529
300165601
300165674
300165757
300165855
300165915
300165966
300166063
300166071
300166290
300166311
300166327
300166339
300166466
300166668
300167039
300167096
300167269
300167320
300167553
300167600
300167897
300167932
300168030
300168076
300168257
300168375
300168379
300168490
300168681
300168836
300169084
300169102
300169185
300169292
300169386
300169550
300169730
300169870
300169936
300170141
300170256
300170287
300170349
300170552
300170847
300170858
300170958
300171003
300171118
300171222
300171376
300171488
300171548
300171640
300171687
300171788
300171874
300172162
300172168
300172269
300172693
300172815
300172985
300173106
300173128
300173294
300173409
300173467
300173753
300173770
300173779
300173941
300173985
300174274
300174648
300174672
300174807
300174820
300174965
300174993
300175034
300175103
300175264
300175289
300175338
300175345
300175385
300175450
300175561
300175650
300175911
300176011
300176069
300176094
300176129
300176390
300176645
300176695
300176716
300176737
300176834
300177178
300177367
300177662
300177966
300178216
300178274
300178671
300178819
300178988
300179021
300179039
300179084
300179132
300179166
300179369
300179408
300179607
300179619
300179716
300179836
300179961
300180089
300180099
300180330
300180390
300180556
300180761
300180802
300180805
300180834
300180843
300180890
300181090
300181097
300181098
300181271
300181457
300181823
300181934
300182309
300182493
300182647
300182702
300182755
300182816
300182873
300182963
300182980
300183149
300183181
300183426
300183452
300183477
300183703
300183718
300183816
300183847
300183872
300184196
300184333
300184531
300184722
300184740
300184752
300184937
300185023
300185079
300185096
300185235
300185240
300185272
300185387
300185481
300185486
300185525
300185649
300185658
300185720
300185825
300185999
300186305
300186381
300186456
300186504
300186623
300186815
300186980
300187044
300187049
300187250
300187351
300187453
300187931
300188201
300188234
300188243
300188254
300188285
300188336
300188483
300188541
300188607
300188791
300188966
300189058
300189067
300189080
300189094
300189107
300189199
300189209
300189375
300189418
300189528
300189559
300189562
300189846
300190085
300190152
300190412
300190416
300190456
300190473
300190556
300190612
300190658
300190680
300190803
300191024
300191037
300191148
300191171
300191189
300191360
300191523
300191616
300191763
300191895
300191928
300191930
300192024
300192058
300192066
300192152
300192291
300192293
300192395
300192570
300192583
300192614
300192738
300192931
300193189
300193242
300193328
300193573
300193574
300193665
300193699
300193784
300193905
300194279
300194360
300194414
300194467
300194539
300194606
300194661
300194662
300194686
300194789
300194928
300194968
300194979
300195092
300195268
300195287
300195325
300195423
300195432
300195451
300195488
300195492
300195686
300195847
300195857
300195890
300195893
300196124
300196164
300196289
300196385
300196507
300196553
300196560
300197065
300197084
300197125
300197233
300197433
300197485
300197744
300197750
300197752
300197755
300197913
300198083
300198096
300198102
300198103
300198139
300198141
300198348
300198580
300198779
300198830
300198963
300198970
300199048
300199244
300199325
300199339
300199528
300199959
